200
120 154
83 16
47 67
123 7
64 55
116 97
66 94
184 175
113 183
74 20
2 78
183 138
39 171
81 69
75 136
181 45
167 32
179 131
163 18
22 167
160 64
107 181
102 124
186 91
112 101
11 70
10 68
73 76
27 81
161 96
51 65
128 34
117 185
119 119
170 114
92 195
126 169
46 21
57 150
125 168
135 3
12 25
68 117
176 57
164 162
193 72
155 41
70 52
197 87
111 31
101 89
90 61
89 56
23 112
195 46
33 137
171 6
17 177
88 48
173 197
150 157
140 180
146 15
71 156
103 95
24 90
130 33
153 190
58 11
45 111
6 196
175 77
137 170
26 140
178 135
182 63
52 100
78 160
65 184
148 22
131 28
56 36
154 13
118 113
142 158
50 42
115 109
108 192
94 98
122 83
85 121
18 99
147 85
72 194
168 1
60 73
133 142
132 26
106 118
15 179
91 29
199 122
21 127
37 86
124 9
138 102
9 189
20 37
32 198
5 10
196 2
151 92
149 151
143 172
194 8
169 80
19 193
157 153
63 103
38 47
114 17
29 139
162 66
172 129
36 62
53 71
159 79
110 152
30 54
61 93
84 148
87 58
144 141
1 130
28 59
121 12
55 24
165 4
127 115
188 145
79 35
96 178
198 161
190 128
4 106
136 116
31 149
191 123
48 187
44 88
97 43
49 39
189 176
86 191
82 19
42 40
67 23
139 107
0 53
156 199
3 75
141 166
104 120
40 27
41 173
43 174
54 155
192 30
145 125
174 82
158 133
62 147
180 186
99 38
105 0
177 146
98 110
109 49
187 104
25 165
34 5
80 50
14 188
166 134
129 132
134 51
35 108
7 144
69 60
13 84
8 163
59 182
95 105
76 143
77 74
185 164
16 159
100 44
152 126
93 14
137 19
9