200
64
174
40
8
16
80
194
83
34
161
122
123
0
58
178
110
98
134
163
90
136
42
156
24
68
32
106
195
162
6
70
166
15
5
182
75
91
198
180
191
142
65
79
54
46
135
11
101
107
192
88
60
57
77
160
38
152
93
92
193
21
158
89
171
29
126
105
132
108
150
138
61
169
95
165
127
23
35
30
45
168
187
2
125
196
189
96
170
50
73
129
12
153
147
151
33
63
148
177
149
0
86
133
117
81
167
175
100
173
146
104
26
31
49
52
55
78
94
183
144
137
114
141
130
1
112
66
7
118
121
154
87
176
53
184
43
188
185
116
109
19
9
97
99
164
39
119
199
62
10
74
82
179
124
155
85
140
51
69
139
113
186
143
115
41
102
172
18
3
37
131
145
76
103
157
44
84
48
67
14
72
25
20
159
59
197
47
27
190
28
120
181
111
17
128
71
22
4
36
56
